-966
-2556
-1606
-421
-1595
-1151
-3370
165
1834
-581
-1347
-2741
-2221
0
3099
-3132
-1255
-3823
0
-576
1745
-1673
0
2402
0
1677
898
295
961
0
0
0
-2342
-62
-4383
0
-317
-5016
-9521
-3085
0
-1720
0
-1192
-3706
278
-3649
0
-7899
0
718
-1347
-1769
947
-2391
-5384
-3215
-716
380
-2248
0
0
-556
0
0
-1747
-2499
0
-2555
0
-3935
-391
0
-694
0
-2935
0
0
-655
0
0
-5543
2076
-800
-653
-5291
2001
-1103
-2375
422
-2753
-2847
0
1176
6402
79
-3791
1967
0
-275
0
-971
-2319
0
-1098
-1485
-1132
-3312
-1354
456
-2340
0
-698
0
5836
-198
171
1787
-12342
0
0
-94
0
0
-3351
-3814
-4538
0
