7 -2 -11
-4 -12 -14
-14 9 -24
6 -5 24
17 -7 -10
12 -2 8
2 1 -10
-11 -7 -5
-9 -46 -12
5 -1 -5
16 -13 -33
-12 -34 -29
-8 -8 -9
7 18 -11
3 -6 24
29 -14 26
26 -36 8
-21 -11 14
-14 -6 -29
2 -3 37
5 -38 -22
3 21 20
-16 -21 29
21 -20 5
-23 -23 -23
-37 -27 15
16 20 -28
-15 11 -4
-18 -16 17
-1 -32 31
-3 19 -28
19 19 19
19 -41 26
-6 15 -7
-19 -20 -32
-5 -27 -12
17 -37 23
-21 -14 -23
8 -6 9
2 2 -7
3 4 3
-29 33 0
6 16 4
-17 -13 19
-10 -10 -4
-38 -23 15
9 -17 32
-26 -13 -20
-28 -9 -2
-21 13 38
15 34 2
21 -11 19
33 -30 -7
38 -40 12
-4 -6 26
37 -5 -33
12 12 12
0 -17 -32
-7 -14 -25
20 15 -8
-22 10 2
-22 -38 17
-5 -26 3
4 -17 26
