0a51
0000
0000
0000
0000
06fe
00ad
0000
0000
0000
0000
0000
094b
0000
0000
0000
0000
0000
0000
0000
0000
0000
0000
0d9d
0cfa
0000
0000
01a1
0000
0a71
0000
05f1
0000
02f4
0000
0257
0000
0000
0e7b
0000
0ec9
226b
0000
012a
0000
0000
0000
0000
0000
0000
0000
0000
08ec
0000
13e2
0000
0000
0000
0000
0000
0000
0000
0998
0221
0000
0000
0000
0000
0000
0000
0000
007b
0000
0000
0000
0000
007d
0000
0000
0000
0000
0c65
0000
0232
0000
0000
0000
0330
0000
0000
0000
0000
0000
0ad4
0000
0000
0000
0000
0000
0000
0000
0000
0000
0000
0000
0000
0000
0000
0000
0000
0000
0000
0000
0000
01da
0d20
0000
0000
0000
0000
0000
0000
0000
0000
0000
0000
0000
05c9
