0a51
0000
0000
0000
0000
06fe
00ad
0000
0000
0000
0000
0000
094b
0000
0000
0000
0000
0000
13c9
0000
0000
0757
09ec
0d9d
0cfa
0a91
0000
01a1
0000
0a71
0000
05f1
0000
02f4
0973
0257
0000
0000
0e7b
0e89
0ec9
226b
0000
012a
0000
0000
0000
0000
0148
03da
0226
0000
08ec
0000
13e2
0000
0000
0000
0000
0537
0000
0c7a
0998
0221
0000
0000
0000
0000
0000
0000
0000
007b
0000
0000
0000
0000
007d
0000
0000
0000
0000
0c65
0000
0232
0000
0000
0000
0330
0000
0bbc
0000
0000
0000
0ad4
0000
0000
0000
0020
054e
0000
0240
0000
0ab1
0000
0000
0000
0000
0c60
0000
0000
0000
0000
0000
0000
01da
0d20
0000
0000
0000
0000
01f0
0000
0000
0000
0bd8
0871
00d1
05c9
